0 000000
1 000001
2 000002
3 000003
4 000004
5 000005
6 000006
7 000007
8 000008
9 000009
10 000010
11 000011
12 000012
13 000013
14 000014
15 000015
16 000016
17 000017
18 000018
19 000019
20 000020
21 000021
22 000022
23 000023
24 000024
25 000025
26 000026
27 000027
28 000028
29 000029
30 000030
31 000031
32 000032
33 000033
34 000034
35 000035
36 000036
37 000037
38 000038
39 000039
40 000040
41 000041
42 000042
43 000043
44 000044
45 000045
46 000046
47 000047
48 000048
49 000049
50 000050
51 000051
52 000052
53 000053
54 000054
55 000055
56 000056
57 000057
58 000058
59 000059
60 000060
61 000061
62 000062
63 000063
64 000064
65 000065
66 000066
67 000067
68 000068
69 000069
70 000070
71 000071
72 000072
73 000073
74 000074
75 000075
76 000076
77 000077
78 000078
79 000079
80 000080
81 000081
82 000082
83 000083
84 000084
85 000085
86 000086
87 000087
88 000088
89 000089
90 000090
91 000091
92 000092
93 000093
94 000094
95 000095
96 000096
97 000097
98 000098
99 000099
100 000100
101 000101
102 000102
103 000103
104 000104
105 000105
106 000106
107 000107
108 000108
109 000109
110 000110
111 000111
112 000112
113 000113
114 000114
115 000115
116 000116
117 000117
118 000118
119 000119
120 000120
121 000121
122 000122
123 000123
124 000124
125 000125
126 000126
127 000127
128 000128
129 000129
130 000130
131 000131
132 000132
133 000133
134 000134
135 000135
136 000136
137 000137
138 000138
139 000139
140 000140
141 000141
142 000142
143 000143
144 000144
145 000145
146 000146
147 000147
148 000148
149 000149
150 000150
151 000151
152 000152
153 000153
154 000154
155 000155
156 000156
157 000157
158 000158
159 000159
160 000160
161 000161
162 000162
163 000163
164 000164
165 000165
166 000166
167 000167
168 000168
169 000169
170 000170
171 000171
172 000172
173 000173
174 000174
175 000175
176 000176
177 000177
178 000178
179 000179
180 000180
181 000181
182 000182
183 000183
184 000184
185 000185
186 000186
187 000187
188 000188
189 000189
190 000190
191 000191
192 000192
193 000193
194 000194
195 000195
196 000196
197 000197
198 000198
199 000199
200 000200
201 000201
202 000202
203 000203
204 000204
205 000205
206 000206
207 000207
208 000208
209 000209
210 000210
211 000211
212 000212
213 000213
214 000214
215 000215
216 000216
217 000217
218 000218
219 000219
220 000220
221 000221
222 000222
223 000223
224 000224
225 000225
226 000226
227 000227
228 000228
229 000229
230 000230
231 000231
232 000232
233 000233
234 000234
235 000235
236 000236
237 000237
238 000238
239 000239
240 000240
241 000241
242 000242
243 000243
244 000244
245 000245
246 000246
247 000247
248 000248
249 000249
250 000250
251 000251
252 000252
253 000253
254 000254
255 000255
256 000256
257 000257
258 000258
259 000259
260 000260
261 000261
262 000262
263 000263
264 000264
265 000265
266 000266
267 000267
268 000268
269 000269
270 000270
271 000271
272 000272
273 000273
274 000274
275 000275
276 000276
277 000277
278 000278
279 000279
280 000280
281 000281
282 000282
283 000283
284 000284
285 000285
286 000286
287 000287
288 000288
289 000289
290 000290
291 000291
292 000292
293 000293
294 000294
295 000295
296 000296
297 000297
299 000299
300 000300
301 000301
302 000302
303 000303
304 000304
305 000305
306 000306
307 000307
308 000308
309 000309
310 000310
311 000311
312 000312
313 000313
314 000314
315 000315
316 000316
317 000317
318 000318
319 000319
320 000320
321 000321
322 000322
323 000323
324 000324
325 000325
326 000326
327 000327
328 000328
329 000329
330 000330
331 000331
332 000332
333 000333
334 000334
335 000335
336 000336
337 000337
338 000338
339 000339
340 000340
341 000341
342 000342
343 000343
344 000344
345 000345
346 000346
347 000347
348 000348
349 000349
350 000350
351 000351
352 000352
353 000353
354 000354
355 000355
356 000356
357 000357
358 000358
359 000359
360 000360
361 000361
362 000362
363 000363
364 000364
365 000365
366 000366
367 000367
368 000368
369 000369
370 000370
371 000371
372 000372
373 000373
374 000374
375 000375
376 000376
377 000377
378 000378
379 000379
380 000380
381 000381
382 000382
383 000383
384 000384
385 000385
386 000386
387 000387
388 000388
389 000389
390 000390
391 000391
392 000392
393 000393
394 000394
395 000395
396 000396
397 000397
398 000398
399 000399
400 000400
401 000401
402 000402
403 000403
404 000404
405 000405
406 000406
407 000407
408 000408
409 000409
410 000410
411 000411
412 000412
413 000413
414 000414
415 000415
416 000416
417 000417
418 000418
419 000419
420 000420
421 000421
422 000422
423 000423
424 000424
425 000425
426 000426
427 000427
428 000428
429 000429
430 000430
431 000431
432 000432
433 000433
434 000434
435 000435
436 000436
437 000437
438 000438
439 000439
440 000440
441 000441
442 000442
443 000443
444 000444
445 000445
446 000446
447 000447
448 000448
449 000449
450 000450
451 000451
452 000452
453 000453
454 000454
455 000455
456 000456
457 000457
458 000458
459 000459
460 000460
461 000461
462 000462
463 000463
464 000464
465 000465
466 000466
467 000467
480 000480
488 000488
